201902009
201902037
201902148
201902194
202902002
211902002
211902012
211902013
211902014
211902015
211902017
211902019
211902031
211902037
211902038
211902052
211902054
211902055
211902057
221902017
221902072
221902085
221902095
221902096
221902109
221902113
221902117
221902125
221902126
221902129
221902132
221902133
221902159
221902170
221902175
221902202
221902203
221902218
221902225
221902226
221902227
221902230
221902236
221902238
221902240
221902251
221902267
221902276
221902326
221902333
221902348
221902352
221902358
221902364
221902366
221902382